4432648158942827|12|2028|595
4432648158944781|12|2028|612
4432648158940615|12|2028|719
4432648158946273|12|2028|313
4432648158945523|12|2028|294
4432648158944781|12|2028|735
4432648158941704|12|2028|737
4432648158947644|12|2028|357
4432648158943726|12|2028|780
4432648158945440|12|2028|544
4432648158948022|12|2028|027
4432648158943064|12|2028|809
4432648158944211|12|2028|794
4432648158943734|12|2028|901
4432648158945473|12|2028|304
4432648158946083|12|2028|438
4432648158945515|12|2028|542
4432648158943031|12|2028|893
4432648158943627|12|2028|972
4432648158941217|12|2028|387
4432648158941852|12|2028|268
4432648158942280|12|2028|809
4432648158945838|12|2028|485
4432648158941886|12|2028|375
4432648158942124|12|2028|518
4432648158942512|12|2028|771
4432648158948725|12|2028|847
4432648158942660|12|2028|949
4432648158943114|12|2028|473
4432648158948741|12|2028|024
4432648158945051|12|2028|103
4432648158948014|12|2028|945
4432648158948501|12|2028|712
4432648158946281|12|2028|901
4432648158948337|12|2028|836
4432648158944641|12|2028|888
4432648158943247|12|2028|549
4432648158940102|12|2028|463
4432648158945663|12|2028|952
4432648158940078|12|2028|363
4432648158946620|12|2028|972
4432648158946547|12|2028|955
4432648158941530|12|2028|915
4432648158948626|12|2028|876
4432648158943668|12|2028|346
4432648158946141|12|2028|145
4432648158941043|12|2028|106
4432648158944278|12|2028|858
4432648158944724|12|2028|304
4432648158940573|12|2028|021
4432648158940508|12|2028|287
4432648158945481|12|2028|553
4432648158943817|12|2028|058
4432648158945432|12|2028|020
4432648158944377|12|2028|943
4432648158948063|12|2028|722
4432648158940730|12|2028|837
4432648158942884|12|2028|501
4432648158941407|12|2028|982
4432648158946828|12|2028|037
4432648158947032|12|2028|595
4432648158944823|12|2028|831
4432648158944427|12|2028|883
4432648158941001|12|2028|479
4432648158947586|12|2028|531
4432648158947677|12|2028|702
4432648158944054|12|2028|328
4432648158943833|12|2028|577
4432648158942405|12|2028|386
4432648158948444|12|2028|658
4432648158940102|12|2028|769
4432648158945028|12|2028|249
4432648158942686|12|2028|230
4432648158948071|12|2028|526
4432648158941514|12|2028|478
4432648158944732|12|2028|326
4432648158945655|12|2028|016
4432648158942876|12|2028|525
4432648158941746|12|2028|041
4432648158944682|12|2028|101
4432648158947610|12|2028|168
4432648158942173|12|2028|489
4432648158942876|12|2028|094
4432648158945861|12|2028|651
4432648158945788|12|2028|872
4432648158942421|12|2028|043
4432648158944351|12|2028|139
4432648158946778|12|2028|661
4432648158944237|12|2028|465
4432648158940201|12|2028|251
4432648158945002|12|2028|311
4432648158947263|12|2028|632
4432648158946232|12|2028|033
4432648158941472|12|2028|468
4432648158941886|12|2028|445
4432648158941050|12|2028|747
4432648158941373|12|2028|763
4432648158946521|12|2028|597
4432648158946265|12|2028|152
4432648158944161|12|2028|326
4432648158944351|12|2028|110
4432648158940672|12|2028|070
4432648158948717|12|2028|292
4432648158944245|12|2028|783
4432648158942728|12|2028|195
4432648158943171|12|2028|620
4432648158948451|12|2028|042
4432648158946166|12|2028|859
4432648158943072|12|2028|423
4432648158947131|12|2028|096
4432648158947057|12|2028|274
4432648158946745|12|2028|816
4432648158947404|12|2028|343
4432648158940862|12|2028|261
4432648158941373|12|2028|308
4432648158945887|12|2028|525
4432648158940623|12|2028|966
4432648158944674|12|2028|826
4432648158948436|12|2028|908
4432648158943502|12|2028|730
4432648158947321|12|2028|324
4432648158945457|12|2028|736
4432648158943643|12|2028|043
4432648158943841|12|2028|057
4432648158940433|12|2028|984
4432648158946620|12|2028|145
4432648158948550|12|2028|160
4432648158941126|12|2028|309
4432648158944518|12|2028|782
4432648158943346|12|2028|346
4432648158944013|12|2028|743
4432648158944237|12|2028|270
4432648158940482|12|2028|833
4432648158942603|12|2028|355
4432648158945770|12|2028|396
4432648158948576|12|2028|528
4432648158941423|12|2028|472
4432648158941530|12|2028|968
4432648158941464|12|2028|311
4432648158943544|12|2028|978
4432648158948857|12|2028|493
4432648158944054|12|2028|091
4432648158946174|12|2028|003
4432648158944104|12|2028|046
4432648158944385|12|2028|273
4432648158947073|12|2028|341
4432648158944070|12|2028|011
4432648158947073|12|2028|629
4432648158947776|12|2028|221
4432648158944187|12|2028|398
4432648158946752|12|2028|085
4432648158943643|12|2028|454
4432648158943254|12|2028|010
4432648158945663|12|2028|469
4432648158943031|12|2028|165
4432648158940417|12|2028|880
4432648158940128|12|2028|408
4432648158948618|12|2028|232
4432648158943726|12|2028|888
4432648158946406|12|2028|155
4432648158941381|12|2028|738
4432648158947677|12|2028|890
4432648158945481|12|2028|531
4432648158947313|12|2028|147
4432648158941480|12|2028|753
4432648158943643|12|2028|932
4432648158940318|12|2028|931
4432648158948287|12|2028|364
4432648158942363|12|2028|743
4432648158941548|12|2028|550
4432648158943205|12|2028|878
4432648158944641|12|2028|233
4432648158941167|12|2028|321
4432648158943627|12|2028|206
4432648158945507|12|2028|196
4432648158943783|12|2028|737
4432648158941563|12|2028|223
4432648158941274|12|2028|454
4432648158940144|12|2028|117
4432648158945408|12|2028|933
4432648158947743|12|2028|513
4432648158942603|12|2028|968
4432648158946414|12|2028|140
4432648158940367|12|2028|503
4432648158948477|12|2028|559
4432648158948204|12|2028|437
4432648158948634|12|2028|973
4432648158940508|12|2028|302
4432648158946851|12|2028|230
4432648158941373|12|2028|843
4432648158946786|12|2028|189
4432648158940110|12|2028|333
4432648158945333|12|2028|234
4432648158947065|12|2028|847
4432648158948550|12|2028|010
4432648158945622|12|2028|029
4432648158942868|12|2028|730
4432648158944815|12|2028|909
4432648158946000|12|2028|996
4432648158940631|12|2028|166
4432648158942074|12|2028|911
4432648158940235|12|2028|215
4432648158940672|12|2028|187
4432648158941456|12|2028|585
4432648158948063|12|2028|625
4432648158941506|12|2028|293
4432648158941001|12|2028|232
4432648158942108|12|2028|240
4432648158946323|12|2028|478
4432648158945861|12|2028|861
4432648158946117|12|2028|549
4432648158943445|12|2028|066
4432648158944740|12|2028|152
4432648158940102|12|2028|212
4432648158944575|12|2028|823
4432648158942058|12|2028|281
4432648158942884|12|2028|560
4432648158942272|12|2028|002
4432648158946208|12|2028|992
4432648158942116|12|2028|092
4432648158942033|12|2028|322
4432648158945333|12|2028|135
4432648158946406|12|2028|880
4432648158948287|12|2028|780
4432648158942306|12|2028|550
4432648158947313|12|2028|373
4432648158942231|12|2028|120
4432648158946505|12|2028|997
4432648158941134|12|2028|750
4432648158940524|12|2028|596
4432648158942785|12|2028|558
4432648158944864|12|2028|683
4432648158948808|12|2028|562
4432648158941670|12|2028|070
4432648158943023|12|2028|472
4432648158945200|12|2028|009
4432648158947248|12|2028|262
4432648158943700|12|2028|062
4432648158948717|12|2028|604
4432648158947008|12|2028|437
4432648158943460|12|2028|730
4432648158947685|12|2028|783
4432648158941233|12|2028|874
4432648158940003|12|2028|815
4432648158942256|12|2028|112
4432648158942306|12|2028|396
4432648158946315|12|2028|331
4432648158948220|12|2028|410
4432648158947362|12|2028|408
4432648158943866|12|2028|685
4432648158947404|12|2028|919
4432648158941662|12|2028|402
4432648158940672|12|2028|915
4432648158945614|12|2028|065
4432648158944872|12|2028|174
4432648158941704|12|2028|969
4432648158948428|12|2028|158
4432648158945283|12|2028|378
4432648158944088|12|2028|332
4432648158941142|12|2028|349
4432648158943551|12|2028|561
4432648158946604|12|2028|881
4432648158947420|12|2028|571
4432648158941688|12|2028|256
4432648158946661|12|2028|691
4432648158944682|12|2028|547
4432648158942876|12|2028|390
4432648158942348|12|2028|901
4432648158940177|12|2028|049
4432648158941050|12|2028|226
4432648158944328|12|2028|002
4432648158944013|12|2028|557
4432648158941415|12|2028|412
4432648158944641|12|2028|064
4432648158946281|12|2028|985
4432648158947453|12|2028|203
4432648158940862|12|2028|862
4432648158945010|12|2028|275
4432648158943312|12|2028|907
4432648158942371|12|2028|108
4432648158940722|12|2028|861
4432648158946216|12|2028|890
4432648158941332|12|2028|230
4432648158942710|12|2028|744
4432648158940706|12|2028|247
4432648158940631|12|2028|972
4432648158943221|12|2028|341
4432648158941035|12|2028|699
4432648158947610|12|2028|186